[ 0.01624402  0.03593133  0.0042319   0.0046378   0.01977579  0.01528573
  0.01388076  0.01882368  0.01580247  0.03606322  0.04068577  0.02261452
  0.01752189  0.00241381  0.00315103  0.00363854  0.00299267  0.00164284
  0.00491015  0.0031922   0.00164095  0.00252007  0.00283262  0.00181275
  0.0037042   0.0030446   0.00275145  0.00224147  0.00181133  0.00298301
  0.00414022  0.00468469  0.00235893  0.00446531  0.00249703  0.00353148
  0.00416299  0.00578108  0.00502467  0.00297566  0.00190347  0.00228798
  0.00358162  0.00286094  0.00375609  0.00446813  0.00233907  0.00491683
  0.00692873  0.00275107  0.00307116  0.00235655  0.00271417  0.0022687
  0.02423663  0.00236275  0.00408961  0.00291468  0.00161786  0.00307402
  0.01243894  0.0035335   0.00243899  0.00523525  0.00461192  0.00732828
  0.03255335  0.02837299  0.00644584  0.01528303  0.00699213  0.00579087
  0.0047034   0.01073855  0.00530769  0.0097217   0.01295666  0.00687636
  0.01122159  0.00378792  0.00857408  0.00254475  0.00498764  0.00236654
  0.00163817  0.00154357  0.00207559  0.00279521  0.00216073  0.00230889
  0.00257809  0.00124167  0.00196045  0.0025242   0.006108    0.00154109
  0.00385088  0.00383329  0.0034348   0.00180609  0.0034758   0.01960384
  0.00863676  0.01384305  0.01342058  0.02484526  0.01673543  0.03170785
  0.0197365   0.01881243  0.00828094  0.01454411  0.0189511   0.00590352
  0.03334728  0.00401405  0.00310313  0.00294555  0.00398001  0.00280257
  0.00287391  0.00924894  0.00185341  0.00149251  0.00805667  0.01866739]
