2.081938124427262088e-02
2.468259028668949584e-02
3.949483075783726677e-03
2.548536998734743896e-03
1.628917274682954372e-02
1.590026797618100327e-02
1.152738666372271452e-02
1.617866248553426201e-02
1.200372763203290394e-02
3.264595073043419921e-02
4.232400073269448892e-02
2.738801928258904200e-02
1.362981733201471327e-02
1.854875589044919148e-03
3.082927601635309343e-03
3.813528298970952652e-03
2.979532570332055468e-03
2.159135789007018968e-03
4.444154165438627714e-03
3.551674683888609262e-03
2.552855099376047897e-03
2.847838569430298158e-03
1.686896594175644679e-03
1.658567343971377320e-03
1.563766249056873937e-03
2.425773330143674543e-03
7.137670772354101504e-04
1.835886722433548428e-03
1.903148729703014498e-03
7.742573164964025286e-04
3.065841595908335836e-03
9.121119612113663157e-04
1.178933856260706283e-03
1.350131318604508085e-03
9.529091202039767028e-04
9.154937196945581515e-04
8.123055596820098669e-04
1.290407710422271717e-03
5.740409058098487990e-05
7.438385508717806210e-04
2.409829322908203699e-03
9.012631718572325671e-04
2.625913229439132308e-03
2.061985917957864789e-03
1.394805653736515055e-03
1.184333829986671709e-03
1.775009512480957979e-03
1.521391812529156347e-03
1.207853921675773297e-03
1.990148587168565682e-03
6.661766180093700107e-04
9.475873546875547776e-04
9.571643736033007884e-04
1.508272582907284462e-03
1.357308797452372795e-03
5.698882872677278914e-04
1.680942285526125686e-03
8.999226569846489150e-04
3.041654856925469033e-04
6.691253543679838650e-04
4.049477568312466100e-04
5.276703016358913348e-04
1.268377387548922427e-03
1.972261250278831406e-03
2.117210737895324716e-03
3.081123432100213531e-03
2.087201350224603558e-03
1.328481098535800676e-03
2.182256594227940331e-03
6.470732489001055666e-04
2.649825358080240122e-04
4.179385274533800403e-04
1.002962783047857496e-03
1.637699835453453219e-03
1.437603587192958507e-03
8.264340895165207378e-04
2.088426043688750586e-04
9.637754729013660098e-04
1.346536718337458484e-03
2.319363002137130980e-04
1.393447997396831273e-03
5.196320175198319543e-04
3.165074990492374785e-04
2.256080338606711398e-03
6.932254122943713910e-04
1.522831136196104189e-03
9.556413030106261598e-04
8.415205972676973291e-04
8.910439032509491876e-04
4.839991381128365823e-04
7.506866562466693940e-04
2.069398488287232767e-03
2.828806004304589786e-03
1.311364403551130856e-03
2.840002175282758685e-03
1.300872744230267917e-03
5.470799014702874266e-04
1.241144026075579210e-03
6.461021359890794418e-04
3.873768233455329865e-05
7.478203525683815595e-04
1.698348618819694620e-03
1.858186848263860365e-03
1.122396342140049479e-03
1.306531007636017134e-03
6.621677894338999417e-04
6.730309567631312037e-04
7.491004004926079835e-04
3.397908159059801186e-03
7.455452834524841591e-04
2.894353088453135124e-03
7.913644620275511136e-04
9.330286065625001228e-04
2.224292188043023970e-03
2.307335143397716212e-03
1.188761461793883716e-03
1.841117427157942452e-03
2.697882330347612951e-03
7.904649177321713439e-04
3.569978777508716174e-04
1.665365494200702961e-03
8.364871820472911034e-04
1.305970636030310064e-03
1.215530760598840460e-03
2.488577312566986463e-04
1.276968876593679659e-03
3.071864541411454619e-04
1.086591029232540683e-03
4.704100909708209275e-04
2.010627569174680898e-02
1.168965471633334275e-03
2.564662743051802484e-03
2.220159081688947468e-03
1.650609843554013681e-03
1.140037919677940785e-03
1.012253188296860160e-03
1.830694853894141057e-03
2.078565561105323492e-04
1.159788163945232962e-03
9.853406769298573512e-04
1.044686431809119459e-03
2.356785739102829416e-03
1.010517444292921042e-02
2.429588207511302407e-04
1.117068926295122343e-03
1.504313285553787174e-03
1.435116731891147900e-03
1.122872186610898411e-03
9.711036499816491944e-04
3.892030007930181784e-04
9.321657179963460839e-06
7.442532365308018394e-04
9.279055500148493396e-04
6.743216785019159713e-04
1.066398737457850080e-03
3.922698999470504151e-04
9.787687729412152009e-06
1.537228825024249948e-03
2.365494614095187131e-03
3.372606807009313106e-04
1.714441603438354549e-03
4.114159652627907490e-04
3.800456143126565412e-04
9.080169902115439338e-04
7.176958611705079160e-04
4.096215918651330084e-04
1.534188778585074582e-03
4.306985349919816800e-04
1.033180814205325419e-03
3.088324996794269885e-03
5.612633654188341583e-05
9.672514855781830494e-04
1.241114298407887786e-03
1.284795143612122229e-03
1.716460737590211078e-03
1.323126981111280966e-03
4.728812649250645206e-03
3.036866986664095436e-02
3.092893320765013887e-02
7.799584390779629173e-03
1.291648080999252502e-03
1.311196528156398020e-02
7.303515319347844183e-03
4.674673241669872331e-03
1.986472908905094394e-03
6.600125901207500208e-03
6.713712956609412495e-03
1.037536918225511612e-02
8.190991737073218329e-03
5.245847044451732756e-03
8.579890223530263482e-03
1.671448257157707095e-03
1.027940454855606495e-03
5.989078960617618547e-03
1.547856703181039670e-03
7.497034566224060120e-04
2.914239115212614514e-03
1.009044795158473527e-03
1.437923554047961612e-03
8.361473600558019890e-04
5.592469417492399028e-04
1.208531753528131920e-03
1.374901503779451519e-03
1.097887210641440136e-03
2.241921290292669261e-03
2.026276602701060098e-03
1.822518884318227771e-03
1.732858468466132954e-03
2.933818248462735125e-03
1.775703941394838822e-03
7.990671768697685988e-04
1.326177477677492394e-03
8.830107023801243762e-04
2.441955858302107766e-03
1.754142485970096397e-03
2.242885816726459050e-03
6.448407383508887158e-04
1.304832716386549168e-03
1.091375300466639964e-03
2.976696171750668404e-03
9.067988199421032555e-04
2.057219993823058892e-03
2.606555248247068718e-03
2.408776461758523838e-03
2.370091425526790405e-03
3.416499310335691531e-03
1.682157303675890087e-03
2.324823452085041445e-03
1.755138380240147148e-03
1.601656709471780543e-02
8.173670462227255670e-03
1.305842272446269652e-02
1.477342679703917694e-02
2.435003018313749990e-02
1.545454809205246832e-02
2.826617302743873045e-02
1.540302566867073585e-02
2.525374036084480564e-02
8.204781896857330989e-03
1.547354240369621173e-02
1.725201358442748564e-02
3.627673683774208790e-03
3.379471728795479385e-02
3.446547391525496377e-03
2.150298608450816346e-03
3.586598991723742060e-03
1.385188011613877048e-03
7.300538300666273425e-04
3.446113486087590098e-03
1.792213759092735684e-03
5.113027316085388789e-04
3.335586890995945620e-03
9.397825864124915995e-03
3.023373654287920490e-03
9.448326610808402935e-04
9.842100002751823402e-04
1.737250332690196434e-03
7.396687789086899868e-03
1.811111284073478947e-02
