(452061, 302)
(452061, 398)
967    1.1164140666
1425    4.1915334983
1564    6.0113164121
2007    0.5909700861
2183    0.7062664038
2450    9.5501631037
2878    9.1444348001
2914    9.8293551382
3028    5.9376580823
3104    2.3620854245
3306    12.521376662
3372    1.9692957834
3440    5.408418438
3588    1.8220901958
4364    0.3509727451
4564    5.0106971762
4760    1.2650557552
5036    0.6457808621
5091    10.251669241
5302    0.3646054733
5596    0.9156411814
6085    2.5376277983
6429    0.4554119015
6554    0.975117153
6804    1.1667119467
6895    0.1764645178
6971    1.990733241
7064    0.3782060759
7411    1.625854617
7977    0.3500793561
8131    7.5640687296
8728    0.8178665393
9735    1.3996213774
9960    9.6069798678
9978    2.0093012268
10334    3.9761155003
11000    0.7237856209
12614    1.3690110125
12863    11.388041974
13164    18.985234457
13794    1.9888975227
14269    0.0057707776
14312    1.118747748
14454    1.6548959022
14824    3.0960188541
14859    0.7148517397
14908    0.3018339327
15048    1.1880460603
15427    0.88362991
15800    0.3298043671
16528    0.6647307783
16598    0.0958953027
16737    0.1718049737
17219    0.603999325
17501    1.0954250202
17767    6.0313579457
18437    3.6896378873
18930    2.318544937
19356    2.6625470591
19407    0.2164897011
20347    0.5232600364
20790    1.0056967534
20838    1.6276401629
21114    4.6986538498
21133    3.6954850832
21990    3.7210420377
22283    0.338315261
23072    9.0005191769
23412    0.6370153669
24115    0.2303710518
25666    0.5809360263
25936    0.7320886874
26063    0.9012874332
26174    0.0937378847
26551    0.4190898262
27101    0.1925483456
27921    0.650525473
28054    5.4214688614
28555    0.4737183606
29040    0.2799480687
29290    0.1827980684
29446    3.438082169
30871    2.5501527518
31644    0.638270404
32331    1.0455608601
32599    3.4615811576
32805    0.7464692722
32891    7.7168813498
33561    1.1966297148
33961    4.8479030518
34572    2.4949017674
34681    0.947715291
34941    11.380046318
34958    2.6646676252
35279    2.8374641778
35559    0.1667363863
37247    1.0699493757
37343    2.3807725637
38210    2.2689581404
38910    0.2615476737
39136    6.4616002275
39469    6.412511458
39613    1.6324762199
40289    4.9049339826
41448    1.7056442828
41485    0.3947066421
41587    0.8187593095
42067    7.1126134622
42151    1.1654384011
42300    0.1197198075
42305    1.2900263238
42523    3.7125568161
43601    9.7701481849
44828    10.5022149
46343    2.9248389439
46708    0.7665308691
46779    0.0492898097
47274    4.4008016247
47438    1.2512412997
48083    1.1963898168
48213    0.1929423207
48724    1.3853359137
48962    0.4974780146
49034    12.522842577
49242    8.3442357702
49372    1.7128050422
49923    0.9963913068
49945    0.0735518941
50088    1.2661968826
50111    9.8590060351
50568    3.1639455276
51057    4.5032579073
51614    0.1993334837
52032    0.8518237892
52719    1.3142880347
52812    2.732335785
52959    9.100545299
53566    1.793061361
54588    3.0503411805
54730    4.0941259986
54791    0.5888256959
55254    0.3713123573
56171    1.7380135068
57272    0.2985434936
57863    5.82203916
58349    4.8249438466
58716    1.1031538882
58958    0.6879716564
59397    1.1033761784
59476    10.139844049
59640    0.9451053025
60742    0.4006467264
61117    11.23218256
61398    0.3320320553
61715    1.7285825281
62179    3.4782005046
62216    0.4333449759
62339    9.4210681794
62582    8.770111754
62965    9.1703426028
63052    1.9913142071
63079    4.0879050554
63828    1.0133910815
64601    1.5667672198
64777    0.5951870498
64806    0.6296628262
65074    9.1829639899
65091    2.1411343641
66279    1.1013796062
66427    0.5913300038
67446    1.1226386152
67708    2.3966942339
68280    2.340088465
68489    1.9373624925
68540    6.9670017328
68682    0.1626211122
68791    8.6921060451
68835    2.2569608364
69384    5.7146726643
69774    0.2494522301
70262    1.408717579
70478    10.043194396
72251    3.4994389446
72523    1.5103066509
73108    0.5391368665
73509    1.0484025944
73619    0.4997925576
73934    4.1205905331
74614    13.820279729
74802    0.3099919263
74982    0.5282246349
75314    9.9204522061
76017    0.5160143111
76684    1.1621725345
76754    0.6513376346
76855    2.2380231407
77620    2.1963712659
77844    8.8278705691
77892    3.0880582728
77983    0.2329436371
78237    0.9455673666
80123    9.1787809414
80153    0.4481551071
80328    0.8539631626
80608    0.0827043794
80773    1.819123965
80864    4.8100955532
81074    6.083437611
81765    1.026693939
81996    1.7728054635
82279    0.9242028496
82293    10.460074877
82459    1.7608110314
82889    5.1990684854
83302    0.9892596881
83308    0.8542845411
83597    0.5846488416
85170    11.372405473
85211    1.1980497334
85836    2.3327135782
85893    12.751317855
85992    1.2574616403
86462    0.3367072507
87000    9.662350224
87044    8.8688320928
87050    8.3862908411
88013    1.9954497371
88428    0.4707197054
88484    4.098237853
89132    1.0466838298
89145    5.7636073773
89163    2.260436851
89583    0.9596578216
90181    0.4890675247
90417    0.221710522
91755    1.0543702037
92028    3.0423971133
92139    6.0740066799
92712    0.2155751614
93499    3.5386512131
93532    0.5003897625
94314    0.2813943116
94648    0.8889437099
95807    3.2461350518
96043    10.071827511
96675    0.9294909678
96949    1.3399231739
96964    0.8766741635
97041    0.8990804037
97059    1.4050038337
97996    0.6599182074
98194    4.8035689857
98295    0.8842985665
99116    3.2362792476
99249    1.1612021181
99733    1.969693518
99938    0.483725572
100378    2.4026965163
100495    0.8051397394
101864    0.7116472382
102189    8.5147051371
103100    5.8394550547
103110    1.3357010518
103166    0.9958758959
103322    0.3358825075
103488    0.2581337534
103973    3.7925984768
104720    6.3953116472
105166    6.0250341788
105819    0.2131765249
105936    1.6366128068
106043    1.9202357679
106171    0.7314733093
106484    3.5381055084
106737    0.4518506824
107116    0.4255035103
107315    4.9230379033
107859    3.7091124533
108256    0.1192955308
108312    0.4755675254
108535    0.9407907224
108633    0.3124528641
108739    0.5577501209
108980    0.2193827591
109101    0.1640482191
109431    0.7456479405
109848    0.8956089781
109940    1.589619024
110154    1.0350558518
111591    1.3857474245
112574    8.0141678544
113415    0.7149255436
113623    0.3882261038
113738    0.4462735921
114581    0.5937794793
115005    0.216209158
115012    3.1293286381
115056    4.3202989187
115273    1.1196705178
115425    0.8286680438
115477    0.6960286475
115506    0.3331281322
115921    2.0404586145
116248    0.5697638802
116392    4.4417063565
117255    1.7192907699
117991    0.8604304044
118746    0.4261186857
119190    1.0888349752
119396    10.460843656
119645    1.937868705
119809    1.4093717562
119952    0.3332727007
120889    1.5833394419
121661    0.2963594405
121746    5.0561843321
122462    0.4479170648
122590    4.3032141945
122775    0.4693149264
122826    3.7108098876
122886    0.9197566356
123622    5.4915911243
124393    6.3621978203
124893    0.2499224045
125544    1.4589644577
126075    0.1793756096
126714    1.9084762198
126752    0.9000880299
126811    1.065799546
127040    1.3516859721
127414    0.6122628134
127883    0.2545273995
128484    0.0438436181
129318    0.0622709513
129368    0.6822774839
129660    1.4699435966
130391    1.1765531767
130556    0.1986003657
131555    0.2301981958
131818    1.2806646917
131874    0.9377459417
132371    0.3010374492
134077    1.6568983027
134309    10.733278817
134353    1.9534266367
134670    0.6244607122
135238    0.2107882458
135607    0.1874793401
135798    0.7955888614
135925    0.223124201
136049    1.4550803853
136190    1.097464249
136627    0.5656285562
136893    0.0611073832
137249    0.5038573067
138324    0.2993192304
139213    1.1647985815
140126    3.4672597784
140161    0.7698129689
140474    4.4405535902
140644    4.9733100597
140668    7.0813743795
141543    2.7157301665
142091    1.1060665591
142496    0.4889759243
143351    2.9395610181
143943    10.065131643
144869    0.097956597
144956    1.3802611628
145034    0.9668583143
145646    0.5925168165
145778    1.1361812135
145811    2.8868643962
146467    1.0518402921
146528    3.7928707246
146668    0.8012839216
147263    1.0818055166
147779    4.6756943033
148109    1.5433487285
148593    1.2315438257
149405    0.2032306079
149634    0.3895988613
150141    2.3947955064
150369    2.1704320026
150991    2.3361159233
151463    0.0789139546
151763    1.3693826421
151851    0.7725324467
153022    3.473102241
153213    4.2003497682
153314    0.8100253056
153503    10.873205644
153509    5.4120874378
153712    2.8658435058
153919    0.2417465187
154181    2.3771218032
154299    1.7389521995
155312    2.4559201359
155416    4.9860910815
155484    6.2966969148
155788    1.2623748483
155812    2.1685476915
156800    0.399322221
156979    2.34275595
157594    0.6245531736
157628    0.7338044731
157690    4.2255857508
157955    14.617254489
157961    0.5707301455
158007    1.033040874
158092    4.8153787795
158411    10.679482918
159245    1.0318715462
159655    7.207586683
159925    0.4644936662
160280    1.1133557997
161145    2.5146355803
161256    0.9392617103
161324    5.9290468836
161355    4.8350381184
161818    0.4170182786
161859    5.2345727983
161864    9.7198808305
162190    5.9679509345
162274    11.133075078
164644    2.7326368767
164860    2.7026980821
164902    0.4266942289
165170    1.0706605406
165420    0.5166510555
165914    2.1481415789
166081    1.9198374157
166238    0.3954392061
166449    0.8774263336
166493    0.8461218043
166514    7.7216655181
166553    0.6232458617
166859    4.5318034032
166996    0.5459195533
167013    4.5110352818
167172    4.2857016362
167296    10.105738539
167340    4.0261716307
167594    0.8529847142
168162    0.1455895767
168973    1.865320344
169175    10.242676213
169340    0.8279986622
169828    0.3472642563
169843    9.1197807946
169930    1.8876155219
170291    6.556681706
170958    0.4860552486
171747    0.9601489434
171942    1.3671458322
172644    2.3209157949
173931    1.4884292321
175197    4.6617746075
175365    7.4002454013
176027    0.4893117457
176073    0.3980062954
176123    1.118416882
176648    1.2742306618
177107    0.4046629202
177410    0.2801736885
180166    1.1587002386
180874    4.1402307073
180903    8.9726125205
180931    0.7091444373
181534    0.2394817011
181809    0.310932863
182169    4.2402809551
182443    1.6985755145
182726    0.9522492195
183087    1.0408577582
183335    0.6420943593
183368    2.3256688473
183704    0.7572716844
183843    12.909932121
183862    0.590018681
183902    2.6128247984
184139    6.622141725
185347    0.4411841036
185513    5.4392862381
185562    0.3195666482
185825    0.7343874506
185888    25.920137918
186106    1.4482361717
187272    1.8987181488
187360    0.4723655911
187798    2.6761289567
188043    1.3058178256
188191    8.1388376976
189470    2.4733402344
189517    5.6285361127
189933    0.659245927
190168    1.0423488181
190314    0.7648466334
190548    1.0391603929
190635    0.3296292547
190839    0.2531484949
191146    3.1158847642
191403    10.374732449
191599    3.5136418446
191737    0.6400092075
192125    0.5160510894
192427    0.571986439
194378    4.9774765193
194920    0.6489928004
195396    0.8558243889
196135    2.5507013041
197102    4.163668909
197171    0.6093925153
197306    9.9561220219
197509    8.0265009982
197817    0.5902758454
197918    0.8915802502
198739    0.6126924188
198899    1.4314435959
199119    0.1463157112
199524    0.2807938056
199916    1.3561250995
200135    0.1791528508
200181    0.1236586033
200305    0.6712888015
201045    0.772674499
202047    0.2000846916
202393    1.380593808
203798    0.2848734418
204190    0.8688987181
204283    0.7591959621
204613    2.4377057629
204817    5.0413192718
205231    0.2008048322
205300    0.7021438194
205731    16.446140666
206591    2.4735019934
206633    3.2251251848
206794    0.2077679205
206801    4.0717643831
207395    0.4993008615
207511    2.9772444913
207582    2.2480123047
207746    4.5428738182
207774    0.0642273693
209445    9.3745548407
209477    0.5860672714
209797    4.5515231342
210600    0.8764036205
210972    2.6655398739
211079    3.8981766896
211301    3.888831628
211324    2.2430045485
211636    1.2918559733
211806    2.4835202644
211813    7.8226562765
212086    3.0544820561
212697    3.875605224
212791    0.662526556
212795    0.1236030781
212914    0.5153208278
214147    6.4009350381
214613    4.0920077129
214625    0.6314732406
214715    2.6824554559
215863    1.7702616569
216053    1.9349418596
216252    6.2964690562
217029    3.0172045343
217434    2.0030913547
217758    5.1287893785
218638    0.8439727162
218749    1.5022091082
218876    11.094364179
219400    2.5723365763
219935    0.4174359887
220809    7.8367506814
221265    3.3115087163
221411    10.994848491
222009    0.8955998676
222245    0.6371696416
222747    1.6295282492
222840    3.1860285986
222918    6.0417654572
223092    5.9895145407
223202    2.3350640227
223273    1.5619583658
223663    3.0697244452
223683    2.4577417653
223859    2.1123012945
223974    3.9778109928
224115    0.8089827143
225274    0.0942769041
225810    0.4007508985
226797    0.6524994902
226929    0.8077296481
227196    10.058185721
227266    7.1466140985
227454    7.5250166615
227880    6.2798495853
228015    0.3374516811
228256    8.020908799
228310    2.0773052251
228978    0.5542327246
229208    3.2490004622
229558    0.9908261977
229608    10.328272437
230651    0.3128956162
231116    1.9782214234
231233    1.4379384272
231361    1.4088137658
231385    2.6914466859
231517    1.5973535806
231832    6.2028558827
232054    4.019206311
233037    1.2524616767
233161    4.361398521
233283    1.5260719955
233738    3.705098312
234547    0.9125440698
234774    14.600170158
235115    5.2525601162
235172    1.2864221675
235207    1.1435798477
235377    8.317729558
235927    0.1290054127
236245    0.4665684806
236736    6.7129167403
237565    0.9095365496
237658    1.2193422914
237772    10.98188456
238231    1.2187091472
238232    1.5641923821
238452    1.2526717725
239110    1.4493519734
239993    0.2315408846
240778    0.3372197807
240792    8.3913762848
240838    0.4632789045
241155    0.9459366026
241393    5.4799139809
242668    2.3611864257
242855    9.8645697185
243032    0.5228552561
243083    3.8836056591
243648    0.6499877425
243880    5.226372741
244109    3.7547723177
244498    10.747981258
245084    1.4806264087
245133    0.8220320607
245594    0.2524372753
245735    0.9012118825
246496    1.0115995521
247011    0.2345068716
247033    0.7458683913
247098    1.0434371742
247591    2.0871871023
248413    0.4264544879
248982    2.9093919868
249351    0.4270354215
249750    2.9288285522
250102    3.4228404744
250378    1.5915315446
251455    0.3322453281
251568    0.174828242
251633    0.2446386082
251848    0.2213754493
252541    6.924269187
252770    0.6071320782
252787    3.8315344695
254011    1.7539112772
254908    5.0865654049
255050    1.8170362697
255093    0.8034488005
255695    5.6099552073
256070    2.0061596588
256454    0.6965310322
256512    0.877169537
256593    0.6750611601
256937    0.6390016251
256951    0.1024374277
257082    0.1138231838
257352    2.9754455456
257505    1.2424377086
257661    1.1307197898
258273    0.3301477245
258283    1.1611663102
258508    0.8835549563
258819    3.6644197778
258963    3.835911435
259778    14.282470624
260616    1.118902849
261053    3.0964301248
261345    0.8251987823
261689    0.1588060927
263577    0.2841211926
264761    4.6634830029
265070    4.8951052367
265103    4.6242970965
265571    3.2673704496
265599    9.0697101051
265676    5.685859483
266245    1.255611283
266321    0.4477625173
266452    0.4850251434
266883    0.4549877443
266919    0.4840317626
267162    0.5200966993
267196    0.3382636705
267750    13.872190736
268903    1.0101126927
269411    0.8405480675
270206    4.0887884837
270689    4.3448075655
270723    3.250227069
271018    0.9616720646
272519    2.5690465157
272703    0.6872435688
272724    3.8084506369
272758    4.9903929705
273042    0.4975341803
273358    0.7569125885
273400    1.3736056395
273944    0.5274969194
274109    2.0303473605
274238    1.4250985817
274383    1.1391166433
274505    10.088524407
274752    0.4100366829
275171    2.4512607494
275607    4.2426406871
276107    1.8888366238
277879    0.5862544548
277888    0.1283277325
277937    1.5215308672
278296    0.9189380344
278650    0.198485793
278762    0.4267285111
278990    0.7477518938
279041    10.256374087
279517    0.5191696535
279972    0.4955379277
280020    12.219601166
280084    0.8703882798
280351    2.4439685628
280677    1.0910863692
280817    4.2382485477
282547    0.2729216091
283015    0.9123785483
283069    2.7508953264
283284    0.4946775539
283558    0.707740863
283795    1.6407156973
284000    0.5147016979
284591    7.2604733681
285626    6.9931117537
286728    0.3472877595
286924    4.5015691768
287800    2.7864718163
288856    4.9117338463
289788    1.3638171936
290184    0.3498091688
290204    0.3145590351
290777    1.8981305035
291139    0.6442954855
291234    10.002919574
291931    0.7130761848
292021    2.063030139
292107    0.2558932075
292217    7.7724253459
292992    0.2443569
293529    1.6199138755
294982    0.2624904306
295104    3.3225725772
295438    1.0402316176
295538    0.7728261382
296270    2.9032002047
298467    2.2806425834
298605    0.8039658589
299162    0.3983473673
299574    0.1941213319
299595    0.3952847075
299602    0.3172591752
299746    0.3377709495
300527    0.5860732891
300833    0.1372404586
300963    1.2568503006
301003    1.3938679995
301431    2.9014722602
301788    0.3904910005
301806    1.0268466865
302168    2.3752655155
302222    1.6053594339
302322    0.3588487717
302575    0.2374831782
302603    6.0488480549
302797    0.2017167697
302895    1.1990196388
303656    6.5314500233
304371    0.5489267237
304719    0.4747327364
304964    1.0981218815
305555    1.2319883937
306207    1.149940868
306315    0.3406691259
306896    10.293290451
307287    0.6044961945
307879    1.8137242499
308070    0.2722866784
308079    3.0553712073
308480    0.7467590104
308914    0.2639650197
309090    2.7028900171
309441    0.2397399575
309487    0.3001625961
309953    1.012527169
310208    0.3677788728
310472    0.0606416973
310550    11.401829944
310786    4.0767528659
310824    13.185026773
310834    1.7114461721
311757    0.52045171
312486    1.7627951416
312565    0.1076464465
312824    9.5613602773
313481    7.6695826889
313541    0.6903797704
313834    0.2050399951
314579    1.5831011182
314642    1.5546189288
315689    10.237189895
316602    1.6034428645
316692    11.554220008
317297    0.1632760403
317355    0.0640080758
317576    2.1437353692
317830    0.6349823733
317840    0.8093476937
317920    0.6819641723
318077    2.947236754
318145    2.8241070447
318634    2.846294521
318715    1.4646030463
318782    1.2826831802
318944    0.1490461372
319119    0.609459106
319269    0.3319502562
319876    1.1873473829
320492    0.4815501194
321948    0.9985343971
322104    0.7368779003
322365    0.0923461032
322753    0.0452553755
323839    3.2775151049
323877    0.7880643101
324101    4.1589848951
325394    1.146098963
325428    1.5430334996
325920    2.8320790826
326460    7.9169028375
326493    6.6356227561
326772    0.1857118437
326866    2.9623392524
327102    0.7616345112
327596    0.9079596252
327845    14.149206937
327971    2.9864854262
328099    0.8062257748
329352    7.7102386795
330618    0.4441767797
330882    0.3622693985
331385    5.556452312
331417    10.21305235
331637    0.8690303737
331960    13.948882124
332032    2.4234585528
332116    3.8803965057
332158    6.6308592798
332496    2.624915426
332915    9.0742731114
333130    2.9245268076
333219    0.1232300574
333249    5.8985814822
333382    7.2943955696
333535    0.5728947597
334181    0.7391653105
334767    0.8557053334
336114    0.3258334164
336890    6.8955123132
336992    2.0722601181
337558    11.602130556
337993    10.546675306
339165    0.7879776987
339995    6.4839892042
340739    1.8588851238
341341    1.5813999456
341580    1.1257427796
342027    13.377369591
342100    9.2973320241
342428    0.1211402718
343094    0.9040688448
344705    0.1902702756
345128    0.256062408
346022    0.925639748
346257    2.3022540042
347139    9.2995991922
347471    3.0486953271
347472    0.5704526515
347625    4.7703495276
348782    4.0856370033
349196    0.6792922114
349231    1.6899866379
349326    3.597210347
349785    4.8467520528
350295    0.7433312842
351176    0.7929706817
351238    3.3582402799
352279    0.6205834152
352359    9.1041390816
353049    0.1263428165
353480    1.7935469255
354536    0.2311428028
354696    0.7496591694
354863    10.33672095
354888    0.2421643858
355104    11.883598445
355253    2.2475021799
355723    4.5184710852
355817    0.1723845134
356543    0.2510756226
357061    2.1997071974
357249    0.1276431945
357316    0.0492789264
357348    3.4870180211
357393    1.1290385697
357487    0.1575049759
357823    0.3923672999
357970    0.16096829
359187    10.153063425
359771    0.2344726124
359999    0.3341319954
360385    0.2218775939
360818    0.1667878798
361149    0.7219969767
362068    1.0934588122
362088    1.2255929566
362272    1.9328030962
362560    0.41848172
362636    4.5232662442
362669    3.0618649037
362851    1.1887858741
363318    0.2142628974
363535    0.331560969
363587    10.258204971
363720    0.4796921002
364113    3.8852097044
364588    2.8892789286
364628    3.0665246664
364688    0.4182895962
364889    2.6268089149
365453    0.8853002662
366082    1.1213461855
366570    0.3493833042
367292    0.7764479762
367550    0.0811048568
367828    9.239096077
368097    2.8205812353
369264    0.9509462743
369619    0.1167374476
369756    7.4699713797
370235    6.2190839869
370503    0.4522704803
371174    4.7538670947
371199    5.9871685257
371244    1.1800282482
372539    1.206813678
373761    0.9670194062
374195    14.631485273
374442    0.4565090853
374506    0.5492083537
374830    0.2512025809
375268    0.6852350739
376220    9.8976159992
376940    0.1627248362
377562    0.2995413764
377564    0.5251974001
377668    0.9460590142
377808    0.4649847469
378632    0.959315901
379262    10.276410498
379738    0.580539835
381230    0.3584255766
381679    6.6739173071
382344    0.5996803322
382500    2.3205075389
382877    0.9114481299
383122    7.9189285049
383612    1.8771814987
383646    1.7480531238
383790    4.3494726953
383800    10.161871251
384321    2.0770588652
384340    1.7620472543
385554    1.7289723595
385711    10.01960067
385880    1.0938830198
386638    0.4129713596
386807    0.0848264969
386905    0.0483103273
386956    0.9643273595
388243    0.7673550702
388515    9.0734198604
388575    10.907935224
388941    0.1906646911
389405    7.7172412634
390341    0.9846608667
390945    0.569576587
391250    0.3808881298
391511    0.195850476
391685    1.2828958199
391766    5.1196030871
392220    8.12756534
392420    0.2538321677
392491    8.8077553236
392618    0.9677481861
392651    2.516905324
393052    0.1391034761
393656    0.2652561655
393673    0.3312511996
394004    1.3599020817
394667    10.111703164
395485    10.132816268
395724    7.1091195689
395941    0.5246373351
396361    3.4567738251
396614    0.9865208154
397396    0.3997576984
397532    0.7577237914
397705    1.8950227791
397780    3.8375548968
397824    1.3467049735
398063    1.7463814917
399429    1.8597343572
400154    15.03664357
400193    1.8493318203
400611    1.0348296877
401444    1.0969585323
402442    5.5875164123
402918    7.1671849621
403036    0.5005333173
403645    0.4108825256
403692    2.20424216
404672    1.5817864488
404873    6.2162154
405350    2.0484077556
405853    2.2287494251
406140    0.4396665346
406326    3.5237805785
406380    1.1079382082
406451    0.9449469641
407501    1.022218885
407646    3.8482278491
407855    0.4171925416
408261    1.3079616168
408356    0.5184262339
408622    15.30525138
408665    8.0397083917
408735    12.164639245
408916    0.4540070202
408942    7.8356901259
409897    1.665181742
409994    0.2953161298
411108    2.9715212855
411135    0.161245155
412092    6.0347564043
412494    0.4216370214
413564    1.1842953211
413933    0.7458799386
414021    2.5269998803
414252    0.5046250904
414428    3.9578597613
414505    1.4000705016
414772    0.2940320083
415116    0.3477482001
415200    0.3450006214
415547    1.8250691583
415880    0.1092243789
416194    1.0394163025
416295    1.0260176437
416549    0.7828341672
416976    9.5805060088
417044    0.5537030468
417255    2.5795573264
417442    0.2156994729
417611    8.6904228321
417848    0.6085240825
417951    11.544459356
418228    13.056126398
418903    0.2321996784
419857    0.7929560215
420071    1.7944668041
420290    4.6088805582
420311    0.9387951883
420534    7.2927956944
420766    0.3119391813
421086    0.9322579552
421206    1.8258350175
421642    7.3756442307
421786    1.5360740265
422484    11.563861552
422818    4.3856708625
422908    1.6143198139
423098    2.002354281
423391    0.8523658959
423678    1.4398407423
423879    9.2388030362
424388    8.9429771949
424499    0.2683780293
424516    1.2375773352
424866    0.7441420351
425016    0.7429039015
425644    4.2690673455
426699    2.5005366707
426966    2.0
427049    2.6004125262
427280    2.1434902601
429404    2.6391582697
431207    1.303840481
431532    2.3256431369
431992    1.0039738968
432041    0.9697877864
432285    4.9105385287
432392    0.5855732777
432910    0.4532292898
433069    3.5843419472
433171    0.3113222249
434887    3.7937696293
435254    0.1540857408
435408    0.7566506464
435647    0.7514402584
436543    0.149641469
437065    7.5371643144
437136    0.8011609433
437560    1.3978765577
437663    0.9951066174
437991    0.8256559769
438027    0.1577074685
438051    0.797254529
438244    1.3500852369
438936    0.133657602
439043    0.1936885665
439164    0.7934103604
439407    5.687642722
439562    1.046600474
440282    1.685802517
441010    4.8106096325
441204    0.238238773
441438    1.8082865226
441520    0.7539616996
441605    6.9960684644
441689    9.9853192008
441746    6.305096087
442083    0.5860336277
443335    1.2796896028
443621    0.6292853089
443893    3.8002431501
444787    2.9649381585
444891    1.7225335004
445330    0.3963900722
446571    1.5448724495
446594    6.9739223381
446796    0.3388830121
446924    6.8495120994
447033    0.0546657461
447142    0.8155692621
447145    9.1087877696
448414    2.2717273136
448991    1.2094135976
449557    0.9249365272
449604    0.3354243703
449937    4.9332055275
450196    0.1750770255
450227    0.2795321499
450621    0.6976723204
450686    0.5144347834
450794    7.8446454055
 starting pca
time =  69.72
 starting rf
