[  1.07331376e-02   2.87065278e-02   1.10901891e-02   1.59852252e-02
   2.29554511e-03   3.04711135e-03   1.67291432e-02   1.66398839e-03
   4.73304662e-04   1.67760752e-03   2.51439977e-04   6.20920108e-04
   6.14126266e-03   3.17149845e-03   1.48003247e-03   3.98986493e-04
   3.23905286e-04   9.51206720e-04   6.44218045e-04   7.37343145e-04
   7.96409245e-04   9.07697992e-04   7.63677507e-04   2.97353410e-04
   1.71521030e-03   1.23816564e-03   1.23583882e-03   1.08017877e-03
   1.30086653e-03   1.22843678e-03   1.48717427e-03   1.29585348e-03
   2.01108169e-03   4.54650434e-04   4.49703274e-04   3.72775062e-04
   4.47479433e-03   8.45098541e-04   1.57075911e-04   9.88619321e-04
   1.03683126e-03   3.71201533e-04   1.00810689e-03   6.74896706e-04
   1.01752336e-02   4.48253746e-03   1.30229714e-02   1.01774895e-02
   1.23206347e-02   9.26777512e-03   1.26379115e-02   1.69886180e-02
   9.86832029e-03   9.01376862e-03   6.86232789e-03   2.21351442e-02
   5.39510538e-03   6.78373185e-04   5.81814501e-04   1.54696555e-03
   3.38796562e-03   1.91406014e-02   5.66232798e-04   2.12604059e-04
   3.30599129e-04   4.85576661e-04   1.20848636e-03   3.28171908e-04
   4.21046620e-04   7.14452415e-04   3.12772506e-03   2.40514839e-03
   6.57167686e-04   4.70873666e-04   6.25584741e-04   3.85631647e-03
   4.37067491e-03   1.30977154e-02   1.21761695e-02   1.12216983e-02
   1.85328361e-02   2.05796027e-02   1.73553945e-02   2.17308275e-02
   1.83290612e-02   1.40619872e-02   1.40261168e-02   6.27842439e-03
   3.20457465e-03   3.61583631e-03   5.24758898e-03   1.60518225e-03
   1.74579374e-03   2.86436830e-03   2.75426106e-03   3.90567135e-03
   2.24547699e-03   2.59396598e-03   4.56365252e-04   1.82464239e-03
   1.13289666e-03   4.55309575e-04   1.52925061e-03   7.99981615e-04
   1.90548202e-03   1.09191871e-03   7.82995049e-04   1.12993524e-03
   9.52530783e-04   6.88677606e-04   7.52458954e-04   1.76837651e-03
   1.41498017e-03   8.95354812e-04   8.77026375e-04   1.04473814e-03
   1.53188158e-03   1.34727793e-03   1.28510655e-03   1.31115794e-03
   1.01577469e-03   2.50158103e-05   1.00518214e-03   7.85554664e-04
   1.18626093e-03   8.12102990e-04   4.83478008e-03   4.96636396e-04
   2.04296197e-03   1.13977271e-03   1.29342083e-03   1.36470226e-03
   7.08598206e-04   2.17239474e-03   8.26094970e-04   1.51922106e-03
   7.14743080e-04   5.24706045e-04   9.90027704e-04   4.41977994e-04
   1.23611578e-03   3.59403561e-04   1.34493863e-03   1.46279874e-03
   1.59729503e-03   1.26584792e-03   7.22802743e-04   5.86741025e-04
   9.77197995e-04   2.02994282e-04   1.36897777e-03   6.09498615e-04
   1.45762050e-03   1.22456063e-03   6.49243397e-04   1.09726053e-03
   1.13882607e-03   1.08916178e-03   1.19049766e-03   8.06886367e-04
   2.83960813e-03   1.52386485e-03   1.47110926e-03   1.19876151e-03
   8.95458833e-04   1.44207477e-03   3.98592051e-04   3.72156276e-03
   4.31367616e-04   1.09523039e-03   2.57593542e-03   1.04991759e-03
   1.37075984e-03   1.25449005e-03   5.57371793e-04   1.37715428e-03
   6.80529177e-04   2.68533611e-03   9.37938104e-04   8.26802715e-04
   4.07457502e-04   1.04737837e-03   1.49004334e-03   6.32808860e-04
   1.68978621e-04   7.30330494e-04   1.03754639e-04   1.36223713e-03
   6.94874644e-04   7.71340396e-04   3.78130275e-04   1.15004758e-03
   9.03053883e-04   7.72221365e-04   1.59675542e-03   7.78395622e-04
   1.38497078e-03   7.72056586e-04   9.05501467e-04   2.80057570e-03
   3.28640988e-04   4.02455632e-04   1.92339772e-03   5.03236540e-04
   2.93981142e-03   1.00685168e-03   1.94659930e-03   2.22805371e-03
   9.06299913e-04   1.57366469e-03   5.65489432e-04   5.90970287e-04
   3.78067998e-04   1.78908224e-03   4.72176626e-04   1.13636873e-03
   1.86499822e-04   1.04793755e-03   2.58647493e-03   1.18496109e-03
   9.59815437e-04   5.00973374e-04   9.23444653e-04   2.00225815e-03
   9.84933054e-04   1.00790029e-03   7.56865565e-04   4.35932588e-04
   1.28044286e-03   7.41278492e-03   1.11025714e-03   1.03073478e-03
   3.74566156e-04   2.23456257e-03   1.32117655e-03   1.51432176e-03
   3.45811677e-03   3.97054438e-03   1.30392513e-03   4.29265332e-04
   1.10239945e-03   6.58228003e-04   9.64340410e-04   2.05557679e-03
   1.63308744e-03   6.59930462e-04   1.50600379e-03   1.64033195e-03
   1.39795583e-03   5.01543758e-04   2.96487224e-04   1.46405037e-03
   1.26567900e-02   6.87555493e-04   6.68138933e-04   1.10180608e-03
   2.54787056e-03   1.05958921e-03   7.72683775e-04   2.01490466e-03
   1.12491287e-03   1.58255962e-03   1.39014406e-03   2.59307460e-04
   2.13232150e-03   3.01509956e-04   6.36309848e-04   2.80230207e-03
   1.03697756e-03   1.97149476e-03   4.04446587e-03   1.03321410e-02
   2.51467324e-04   8.07534850e-04   3.27677268e-03   1.24042407e-03
   1.47544910e-03   1.50571414e-03   3.13242060e-04   0.00000000e+00
   8.30716329e-04   8.40468748e-04   6.47774719e-04   1.20734631e-03
   6.08000125e-04   8.23379231e-04   4.90607138e-05   9.51391648e-04
   5.79328964e-04   2.22710350e-03   2.50349193e-04   8.29987431e-04
   3.82726977e-04   9.62198870e-04   8.06224893e-04   1.36076265e-03
   1.57299380e-03   1.34465890e-03   1.65382082e-03   2.49802065e-04
   1.30715107e-03   2.18107710e-04   1.83945109e-03   2.72214483e-03
   1.63904205e-03   1.46661114e-03   1.83089765e-04   1.96636991e-04
   1.27369351e-03   9.57995831e-04   7.02334180e-04   1.41909285e-03
   1.05815443e-03   1.22131417e-03   1.71610224e-03   4.64527580e-03
   1.45114541e-02   1.52819589e-02   5.28324447e-03   1.76132682e-03
   9.44668005e-03   6.42826558e-03   4.47695227e-03   2.78271963e-03
   1.30976299e-02   6.56616273e-03   4.18008526e-03   8.59736977e-03
   4.90987301e-03   7.26433913e-03   5.43402996e-03   6.17221980e-03
   7.46914481e-03   1.84587244e-03   2.43027469e-03   2.98845566e-03
   8.03987876e-04   6.75972527e-04   4.20597463e-03   1.36723993e-03
   4.29399959e-03   2.60705716e-03   6.97993421e-04   6.12189308e-04
   4.16273039e-03   7.77413624e-04   3.29132393e-03   9.62424656e-04
   9.41037150e-04   5.15803756e-04   1.35514019e-03   1.27045503e-03
   5.07946160e-04   2.53753502e-03   5.67680581e-04   3.68189443e-03
   6.93644206e-04   5.68526158e-04   2.56646120e-04   4.65961098e-03
   1.30533300e-03   1.47547217e-03   1.58915015e-03   3.03979337e-03
   3.54699084e-03   1.46854186e-03   8.38068235e-04   3.68537358e-03
   1.31883045e-03   1.37012262e-03   3.68877383e-03]
