(450728, 2)
(450728, 2)
(450728, 2)
(450728, 2)
(450728, 2)
(450728, 2)
(450728, 2)
(450728, 2)
(450728, 2)
(450728, 2)
(450728, 2)
(450728, 2)
(450728, 2)
(450728, 2)
(450728, 2)
(450728, 2)
(450728, 2)
(450728, 2)
(450728, 2)
(450728, 2)
(450728, 2)
(450728, 2)
(450728, 2)
(450728, 2)
(450728, 2)
(450728, 2)
(450728, 2)
(450728, 2)
(450728, 2)
(450728, 2)
(450728, 2)
(450728, 2)
(450728, 2)
(450728, 2)
(450728, 2)
(450728, 2)
(450728, 2)
(450728, 2)
(450728, 2)
(450728, 2)
(450728, 2)
(450728, 2)
(450728, 2)
(450728, 2)
(450728, 2)
(450728, 2)
(450728, 2)
(450728, 2)
(450728, 2)
(450728, 2)
(450728, 2)
(450728, 2)
(450728, 2)
(450728, 2)
(450728, 2)
(450728, 2)
(450728, 2)
(450728, 2)
(450728, 2)
(450728, 2)
(450728, 2)
(450728, 2)
(450728, 2)
(450728, 2)
(450728, 2)
(450728, 2)
(450728, 2)
(450728, 2)
(450728, 2)
(450728, 2)
(450728, 2)
(450728, 2)
(450728, 2)
(450728, 2)
(450728, 2)
(450728, 2)
(450728, 2)
(450728, 2)
(450728, 2)
(450728, 2)
(450728, 2)
(450728, 2)
(450728, 2)
(450728, 2)
(450728, 2)
(450728, 2)
(450728, 2)
(450728, 2)
(450728, 2)
(450728, 2)
(450728, 2)
(450728, 2)
(450728, 2)
(450728, 2)
(450728, 2)
(450728, 2)
(450728, 2)
(450728, 2)
(450728, 2)
(450728, 101)
(450728, 2)
Application 7142721 resources: utime ~66s, stime ~28s, Rss ~1523916, inblocks ~977779, outblocks ~368696
